100001731721
100001772136
100000706432
100001226116
100000660308
100000606160
100001728481
100001161964
100000600781
100000606814
100000087247
100001464257
100001677706
100000602388
100000599025
100000808480
100001728645
100000507721
100000202126
100000565968
100000406145
100001163739
100000586598
100000761874
100000550179
100000605884
100000617129
100000312019
100000527443
100000563463
100000659869
100000600793
100000597233
100000575151
100000612581
100000522866
100000520652
100000521402
100000608085
100000215963
100000216769
100000250132
