100000948899
100000000036
100000147089
100000453252
100000057602
100000000195
100000450980
100000002840
100000000038
100000578177
100000006097
100000000361
100000208035
100000315563
100000024899
100000001897
100000000268
100000000051
100000599653
100000006098
100000131774
100000419294
100000000304
100000449215
100000129466
100000376687
100000000834
100000472943
100000396490
100000001596
100000000088
100000409783
100000147782
100000000092
100000001619
100000000053
100000350529
100000000405
100000220488
100000000646
100000249368
100000000657
100000476795
100000000563
100000277692
100000277368
100000074673
100000443636
100000085940
100000000071
100000495618
100000001153
100000260613
100000000212
100000391897
100000561372
100000393696
100000589707
100000361187
100000000399
100000612409
100000000334
100000418265
100000611352
100000287056
100000361799
100000357897
100000005149
100000004481
100000449839
100000001870
100000000477
100000002828
100000000473
100000135436
100000002302
100000171132
100000014610
100000048914
100000370656
100000000872
100000451528
100000228517
100000000878
100000570236
100000000193
100000091542
100000000147
100000001060
100000245002
100000053581
100000650237
100000002210
100000000349
100000000635
100000459229
100000000598
100000000830
100000009460
100000382155
100000005028
100000114366
100000056655
100000014116
100000534762
100000002287
100000458037
100000002081
100000430087
100000217954
100001515850
100000000080
100000004092
100000354320
100000002694
100000000266
100000000640
100000026593
100000647811
100000005408
100000333864
100000002700
100000000154
100000066937
100000001390
100000611098
100000323099
100000069787
100000649752
100000002207
100000222075
100000000119
100000035051
100000621486
100000548272
100000005051
100000574189
100000000298
100000000336
100000182219
100000269008
100000004876
100000002216
100000237532
100000000983
100000021341
100000311750
100000000247
100000057400
100000003294
100000650642
100000391566
100000091146
100000004363
100000388616
100000004769
100000001491
100000260840
100000604307
100000019153
100000594421
100000200156
100000000176
100000386292
100000000251
100000000961
100000060023
100000225934
100000621317
100000312769
100000002980
100000090790
100000745183
100000099786
100000000573
100000030290
100000951587
100000070863
100000026157
100000233971
100000498325
100000626160
100000541729
100000543585
100000002410
100000250621
100000253239
100000755079
100000375398
100000000425
100000404562
100000215661
100000281936
100000369008
100000257790
100000094013
100000521694
100000000234
100000456328
100000745349
100000550299
100000002108
100000003399
