100000448008
100000224831
100000470754
100000002784
100000372208
100000447053
100000414855
100000134456
100000003248
100000160185
100000326932
100000566653
100000363323
100000530922
100000208246
100000389180
100000177471
100000185847
100000606253
100000195244
100000232162
100000138604
100000655501
100000449138
100000119360
100000120840
100000347785
100000290618
100000150367
100000221632
100000569091
100000172456
100000311357
100000305019
100000600352
100000617109
100000143158
100000664774
100000310632
100000410898
100000197962
100000132906
100000375081
100000160425
100000171685
100000121022
100000505014
100000603840
100000600376
100000219957
100000360313
100000354926
100000455465
100000357465
100000564626
100000231889
100000578816
100000319195
100000576972
100000532201
100000519167
100000663913
100000470613
100000183909
100000606258
100000460315
100000435866
100000149398
100000111954
100000294121
100000360993
100000288435
100000122293
100000539192
100000471969
100000618843
100000240061
100000294477
100000528545
100000484658
100000174164
100000311339
100000026894
100000015499
100000007132
100000511194
100000459685
100000310865
100000609634
100000408440
100000077254
100000448857
100000132680
100000681891
100000112073
100000198668
100000370291
100000195176
100000272075
100000619387
100000375120
100000132564
100000442903
100000599984
100000403643
100000163432
100000168889
100000609111
100000600370
100000440419
100000223481
100000181878
100000512746
100000219209
100000521193
100000616523
100000266806
100000399393
100000565182
100000300594
100000119362
100000390088
100000658058
100000362390
100000412022
100000303611
100000128872
100000581353
100000531699
100000521692
100000451485
100000162688
100000549088
100000180475
100000604263
100000570937
100000470079
100000233732
100000260390
100000322977
100000385086
100000112411
100000278809
100000182204
100000600165
100000128836
100000225227
100000453313
100000487802
100000254519
100000481447
100000612479
100000161030
100000526998
100000186706
100000392363
100000246721
100000466902
100000044725
100000499381
100000510579
100000247547
100000443030
100000490614
100000457923
100000274639
100000579262
100000499533
100000408990
100000340179
100000166287
100000223197
100000134853
100000094365
100000367412
100000376856
100000447174
100000186786
100000301278
100000313586
100000212048
100000497050
100000600325
100000311904
100000313208
100000150956
100000562381
100000456030
100000471339
100000408519
100000486080
100000135757
100000129139
100000135838
100000222952
100000219599
100000370511
100000404844
100000426642
100000466721
100000168654
