100000000109
100000178384
100000000034
100000183009
100000002359
100000000022
100000568185
100000000085
100000430477
100000573380
100000448091
100000005647
100000385366
100000464413
100000446432
100000000081
100000000033
100000261446
100000006100
100000197055
100000537869
100000290092
100000558678
100000004568
100000280258
100000111415
100000002554
100000000025
100000321643
100000468364
100000438903
100000001173
100000004362
100000184485
100000371864
100000005561
100000004167
100000004525
100000000107
100000648816
100000000629
100000000007
100000000733
100000003179
100000004821
100000538269
100000242876
100000271426
100000000436
100000003602
100000159825
100000570227
100000000083
100000650606
100000000124
100000409499
100000243309
100000003446
100000006099
100000479033
100000102299
100000000012
100000266719
100000000560
100000006070
100000000642
100000747525
100000100091
100000000385
100000240693
100000447471
100000450886
100000002685
100000187776
100000547597
100000003835
100000606802
100000000261
100000045739
100000277580
100000000440
100000260518
100000058653
100000148267
100000005740
100000000059
100000000581
100000000632
100000000201
100000001181
100000005410
100000045929
100000000587
100000002249
100000000922
100000114748
100000106510
100000445628
100000426368
100000368331
100000332100
100000000269
100000083509
100000625245
100000035402
100000040883
100000544615
100000115574
100000276911
100000004422
100000000531
100000260850
100000207688
100000250997
100000085225
100000018686
100000588179
100000174611
100000391273
100000000250
100000045270
100000526840
100000464105
100000094726
100000527627
100000187459
100000000149
100000755148
100000677070
100000259145
100000004705
100000000453
100000000378
100000073330
100000558423
100000498369
100000000516
100000005342
100000001134
100000033209
100000340096
100000260839
100000000701
100000608904
100000485083
100000001039
100000512174
100000001995
100000000151
100000072610
100000003503
100000115838
100000747475
100000322721
100000002475
100000566486
100000268771
100000689375
100000502948
100000106486
100000001551
100000004685
100000004393
100000000396
100000000035
100000177320
100000276120
100000001895
100000208411
100000403014
100000098818
100000509614
100000002400
100000177347
100000004370
100000524092
100000351748
100000533791
100000586225
100000000526
100000516543
100000127527
100000405001
100000004413
100000003228
100000146262
100000263910
100000361576
100000004254
100000079854
100000002213
100000000492
100000005878
100000184829
100000003612
100000002818
100000091968
100000002930
100000262919
100000314251
